-- Coorected perm in UH (MAIN SEG)  
MULTIPLY
 PERMX 4.0   43 90 20 37 1 15  /
 PERMX 4.0   51 90 38 40 1 15  /
 PERMX 4.0   55 90 41 42 1 15  /
 PERMX 4.0   57 90 43 48 1 15  /
 PERMX 4.0   62 85 49 49 1 15  / 
 PERMX 4.0   64 82 50 50 1 15  / 
 PERMX 4.0   65 79 51 51 1 15  /  
 PERMX 4.0   66 77 52 52 1 15  / 
 PERMX 4.0   67 75 53 53 1 15  / 
 PERMX 4.0   68 74 54 54 1 15  / 
 PERMX 4.0   69 72 55 55 1 15  / 
 PERMX 4.0   70 71 56 56 1 15  /

 PERMY 4.0   43 90 20 37 1 15  /
 PERMY 4.0   51 90 38 40 1 15  /
 PERMY 4.0   55 90 41 42 1 15  /
 PERMY 4.0   57 90 43 48 1 15  /
 PERMY 4.0   62 85 49 49 1 15  / 
 PERMY 4.0   64 82 50 50 1 15  / 
 PERMY 4.0   65 79 51 51 1 15  /  
 PERMY 4.0   66 77 52 52 1 15  / 
 PERMY 4.0   67 75 53 53 1 15  / 
 PERMY 4.0   68 74 54 54 1 15  / 
 PERMY 4.0   69 72 55 55 1 15  / 
 PERMY 4.0   70 71 56 56 1 15  /

 PERMZ 4.0   43 90 20 37 1 15  /
 PERMZ 4.0   51 90 38 40 1 15  /
 PERMZ 4.0   55 90 41 42 1 15  /
 PERMZ 4.0   57 90 43 48 1 15  /
 PERMZ 4.0   62 85 49 49 1 15  / 
 PERMZ 4.0   64 82 50 50 1 15  / 
 PERMZ 4.0   65 79 51 51 1 15  /  
 PERMZ 4.0   66 77 52 52 1 15  / 
 PERMZ 4.0   67 75 53 53 1 15  / 
 PERMZ 4.0   68 74 54 54 1 15  / 
 PERMZ 4.0   69 72 55 55 1 15  / 
 PERMZ 4.0   70 71 56 56 1 15  /
/ 
