--****************************************************************************************************
-- Date: 09.09.10
--
-- File name:  SGFN_NEW_BASE_2TABLES & SGFN_NEW_BASE_W_1 (identical)
-- Based on:   SGFN_NEW_BASE
--
-- Description: Includes additional rel perm - used in wells - identical curves
--
--****************************************************************************************************
--
-- Date: 240310
-- COREY = 2 as in old model, but uses equidistant SG after recommendation
-- from Jostein Skretting
--
SGFN
-- Corey = 2
--Sg*           Krg     PCG
 0.00000	0.00000	0.0
 0.02000	0.00040	0.0
 0.04000	0.00160	0.0
 0.06000	0.00360	0.0
 0.08000	0.00640	0.0
 0.10000	0.01000	0.0
 0.12000	0.01440	0.0
 0.14000	0.01960	0.0
 0.16000	0.02560	0.0
 0.18000	0.03240	0.0
 0.20000	0.04000	0.0
 0.22000	0.04840	0.0
 0.24000	0.05760	0.0
 0.26000	0.06760	0.0
 0.28000	0.07840	0.0
 0.30000	0.09000	0.0
 0.32000	0.10240	0.0
 0.34000	0.11560	0.0
 0.36000	0.12960	0.0
 0.38000	0.14440	0.0
 0.40000	0.16000	0.0
 0.42000	0.17640	0.0
 0.44000	0.19360	0.0
 0.46000	0.21160	0.0
 0.48000	0.23040	0.0
 0.50000	0.25000	0.0
 0.52000	0.27040	0.0
 0.54000	0.29160	0.0
 0.56000	0.31360	0.0
 0.58000	0.33640	0.0
 0.60000	0.36000	0.0
 0.62000	0.38440	0.0
 0.64000	0.40960	0.0
 0.66000	0.43560	0.0
 0.68000	0.46240	0.0
 0.70000	0.49000	0.0
 0.72000	0.51840	0.0
 0.74000	0.54760	0.0
 0.76000	0.57760	0.0
 0.78000	0.60840	0.0
 0.80000	0.64000	0.0
 0.82000	0.67240	0.0
 0.84000	0.70560	0.0
 0.86000	0.73960	0.0
 0.88000	0.77440	0.0
 0.90000	0.81000	0.0
 0.92000	0.84640	0.0
 0.94000	0.88360	0.0
 0.96000	0.92160	0.0
 0.98000	0.96040	0.0
 1.00000	1.00000	0.0
/
-- in well connections
 0.00000	0.00000	0.0
 0.02000	0.00040	0.0
 0.04000	0.00160	0.0
 0.06000	0.00360	0.0
 0.08000	0.00640	0.0
 0.10000	0.01000	0.0
 0.12000	0.01440	0.0
 0.14000	0.01960	0.0
 0.16000	0.02560	0.0
 0.18000	0.03240	0.0
 0.20000	0.04000	0.0
 0.22000	0.04840	0.0
 0.24000	0.05760	0.0
 0.26000	0.06760	0.0
 0.28000	0.07840	0.0
 0.30000	0.09000	0.0
 0.32000	0.10240	0.0
 0.34000	0.11560	0.0
 0.36000	0.12960	0.0
 0.38000	0.14440	0.0
 0.40000	0.16000	0.0
 0.42000	0.17640	0.0
 0.44000	0.19360	0.0
 0.46000	0.21160	0.0
 0.48000	0.23040	0.0
 0.50000	0.25000	0.0
 0.52000	0.27040	0.0
 0.54000	0.29160	0.0
 0.56000	0.31360	0.0
 0.58000	0.33640	0.0
 0.60000	0.36000	0.0
 0.62000	0.38440	0.0
 0.64000	0.40960	0.0
 0.66000	0.43560	0.0
 0.68000	0.46240	0.0
 0.70000	0.49000	0.0
 0.72000	0.51840	0.0
 0.74000	0.54760	0.0
 0.76000	0.57760	0.0
 0.78000	0.60840	0.0
 0.80000	0.64000	0.0
 0.82000	0.67240	0.0
 0.84000	0.70560	0.0
 0.86000	0.73960	0.0
 0.88000	0.77440	0.0
 0.90000	0.81000	0.0
 0.92000	0.84640	0.0
 0.94000	0.88360	0.0
 0.96000	0.92160	0.0
 0.98000	0.96040	0.0
 1.00000	1.00000	0.0
/
