--
-- Date: 090910
-- Description: Krow & Krog PESSIMISTIC (more oil wet). Pure copy of table from Jostein Skretting
--              Table 2 is identical to Table 1; used when 2 SATNUM required - f ex for thief zone(s)
--
-- Name: Mathias Aurstad
--
-- Based on new rel.perm. from Jostein Skretting, 23 March 2010. MA
-- Assumes Kx = 800 md in the Excel sheet from J: Skretting
--
--
-- So*          krow            krog
SOF3
 0.	         0.	         0.
 0.100000	 0.00000000	 0.00000000
 0.15000000	 0.00000000	 0.00000000
 0.16732500	 0.00000000	 0.00000001
 0.17600000	 0.00000000	 0.00000007
 0.20197500	 0.00000009	 0.00000237
 0.21930000	 0.00000115	 0.00001000
 0.23662500	 0.00000620	 0.00003052
 0.25395000	 0.00002180	 0.00007594
 0.27127500	 0.00005947	 0.00016413
 0.28860000	 0.00013711	 0.00032000
 0.30592500	 0.00028044	 0.00057665
 0.32325000	 0.00052438	 0.00097656
 0.34057500	 0.00091451	 0.00157276
 0.35790000	 0.00150846	 0.00243000
 0.37522500	 0.00237733	 0.00362591
 0.39255000	 0.00360713	 0.00525219
 0.40987500	 0.00530017	 0.00741577
 0.42720000	 0.00757651	 0.01024000
 0.44452500	 0.01057534	 0.01386579
 0.46185000	 0.01445646	 0.01845281
 0.47917500	 0.01940161	 0.02418065
 0.49650000	 0.02561598	 0.03125000
 0.51382500	 0.03332957	 0.03988380
 0.53115000	 0.04279864	 0.05032844
 0.54847500	 0.05430708	 0.06285491
 0.56580000	 0.06816791	 0.07776000
 0.58312500	 0.08472463	 0.09536743
 0.60045000	 0.10435266	 0.11602906
 0.61777500	 0.12746076	 0.14012604
 0.63510000	 0.15449246	 0.16807000
 0.65242500	 0.18592746	 0.20030419
 0.66975000	 0.22228306	 0.23730469
 0.68707500	 0.26411558	 0.27958155
 0.70440000	 0.31202175	 0.32768000
 0.72172500	 0.36664020	 0.38218157
 0.73905000	 0.42865278	 0.44370531
 0.75637500	 0.49878607	 0.51290894
 0.77370000	 0.57781274	 0.59049000
 0.79102500	 0.66655299	 0.67718708
 0.80835000	 0.76587597	 0.77378094
 0.82567500	 0.87670121	 0.88109569
 0.84300000	 1.00000000	 1.00000000
 1               1               1
/
 0.	         0.	         0.
 0.100000	 0.00000000	 0.00000000
 0.15000000	 0.00000000	 0.00000000
 0.16732500	 0.00000000	 0.00000001
 0.17600000	 0.00000000	 0.00000007
 0.20197500	 0.00000009	 0.00000237
 0.21930000	 0.00000115	 0.00001000
 0.23662500	 0.00000620	 0.00003052
 0.25395000	 0.00002180	 0.00007594
 0.27127500	 0.00005947	 0.00016413
 0.28860000	 0.00013711	 0.00032000
 0.30592500	 0.00028044	 0.00057665
 0.32325000	 0.00052438	 0.00097656
 0.34057500	 0.00091451	 0.00157276
 0.35790000	 0.00150846	 0.00243000
 0.37522500	 0.00237733	 0.00362591
 0.39255000	 0.00360713	 0.00525219
 0.40987500	 0.00530017	 0.00741577
 0.42720000	 0.00757651	 0.01024000
 0.44452500	 0.01057534	 0.01386579
 0.46185000	 0.01445646	 0.01845281
 0.47917500	 0.01940161	 0.02418065
 0.49650000	 0.02561598	 0.03125000
 0.51382500	 0.03332957	 0.03988380
 0.53115000	 0.04279864	 0.05032844
 0.54847500	 0.05430708	 0.06285491
 0.56580000	 0.06816791	 0.07776000
 0.58312500	 0.08472463	 0.09536743
 0.60045000	 0.10435266	 0.11602906
 0.61777500	 0.12746076	 0.14012604
 0.63510000	 0.15449246	 0.16807000
 0.65242500	 0.18592746	 0.20030419
 0.66975000	 0.22228306	 0.23730469
 0.68707500	 0.26411558	 0.27958155
 0.70440000	 0.31202175	 0.32768000
 0.72172500	 0.36664020	 0.38218157
 0.73905000	 0.42865278	 0.44370531
 0.75637500	 0.49878607	 0.51290894
 0.77370000	 0.57781274	 0.59049000
 0.79102500	 0.66655299	 0.67718708
 0.80835000	 0.76587597	 0.77378094
 0.82567500	 0.87670121	 0.88109569
 0.84300000	 1.00000000	 1.00000000
 1               1               1
/