--****************************************************************************************************
-- Date: 08.09.10
--
-- File name:  SWFN_NEW_PESS_C15_2TABLES
-- Based on:   SWFN_NEW_PESS & SWFN_NEW_PESS_COREY_15
--
-- Description: (a) Krw PESSIMISTIC from J. Skretting (Corey = 2) in Table I (b) Krw with Corey = 1.5 in Table II
--
--****************************************************************************************************
-- Based on new rel.perm. from Jostein Skretting, March 2010. MA
-- Assumes Kx = 800 md in the Excel sheet from J: Skretting
--
-- PESS CASE (Jostein Skretting)
--
--Sw*	krw     Pc
SWFN
 0	0	        0
 0.157	0.0000000	0.000	    
 0.173	0.0003560	0.000
 0.190	0.0014241	0.000
 0.207	0.0032041	0.000
 0.223	0.0056962	0.000
 0.240	0.0089004	0.000
 0.257	0.0128165	0.000
 0.273	0.0174447	0.000
 0.290	0.0227849	0.000
 0.307	0.0288372	0.000
 0.324	0.0356015	0.000
 0.340	0.0430778	0.000
 0.357	0.0512661	0.000
 0.374	0.0601665	0.000
 0.390	0.0697789	0.000
 0.407	0.0801033	0.000
 0.424	0.0911398	0.000
 0.440	0.1028883	0.000
 0.457	0.1153488	0.000
 0.474	0.1285213	0.000
 0.490	0.1424059	0.000
 0.507	0.1570025	0.000
 0.524	0.1723111	0.000
 0.541	0.1883318	0.000
 0.557	0.2050645	0.000
 0.574	0.2225092	0.000
 0.591	0.2406660	0.000
 0.607	0.2595348	0.000
 0.624	0.2791156	0.000
 0.641	0.2994084	0.000
 0.657	0.3204133	0.000
 0.674	0.3421302	0.000
 0.691	0.3645591	0.000
 0.708	0.3877001	0.000
 0.724	0.4115531	0.000
 0.741	0.4361181	0.000
 0.758	0.4613951	0.000
 0.774	0.4873842	0.000
 0.791	0.5140853	0.000
 0.808	0.5414984	0.000
 0.824	0.5696236	0.000
 1	1	        0
/
-- Table II
-- PESS with Corey = 1.5 : made by Mathias Aurstad
--
 0	0	        0
 0.157	0.0000000	0.000	    
 0.173	0.0022516	0.000
 0.190	0.0063686	0.000
 0.207	0.0116998	0.000
 0.223	0.0180131	0.000
 0.240	0.0251740	0.000
 0.257	0.0330921	0.000
 0.273	0.0417009	0.000
 0.290	0.0509487	0.000
 0.307	0.0607941	0.000
 0.324	0.0712030	0.000
 0.340	0.0821461	0.000
 0.357	0.0935987	0.000
 0.374	0.1055390	0.000
 0.390	0.1179479	0.000
 0.407	0.1308082	0.000
 0.424	0.1441046	0.000
 0.440	0.1578234	0.000
 0.457	0.1719518	0.000
 0.474	0.1864783	0.000
 0.490	0.2013924	0.000
 0.507	0.2166840	0.000
 0.524	0.2323443	0.000
 0.541	0.2483646	0.000
 0.557	0.2647371	0.000
 0.574	0.2814544	0.000
 0.591	0.2985094	0.000
 0.607	0.3158956	0.000
 0.624	0.3336069	0.000
 0.641	0.3516373	0.000
 0.657	0.3699814	0.000
 0.674	0.3886338	0.000
 0.691	0.4075895	0.000
 0.708	0.4268437	0.000
 0.724	0.4463920	0.000
 0.741	0.4662298	0.000
 0.758	0.4863532	0.000
 0.774	0.5067580	0.000
 0.791	0.5274404	0.000
 0.808	0.5483968	0.000
 0.824	0.5696236	0.000
 1	1	        0
/
